A:0
[[1,0,0,0],[0,1,0,0],[0,0,1,0],[3,2,4,1]]
B:0
[[1,0,0,0],[0,0,1,0],[0,1,0,0],[0,0,0,1]]
D:0
[[1.1,0,0,0],[0,0,1,0],[0,1,0,0],[0,0,0,1]]
C:A
[[0.804,-0.310,0.506,0],[0.506,0.804,-0.310,0],[-0.310,0.506,0.804,0],[0,0,0,1]]