A:0
[[1,0,0,0],[0,1,0,0],[0,0,1,0],[3,2,4,1]]
B:0
[[1,0,0,0],[0,0,1,0],[0,-1,0,0],[0,0,0,1]]
D:0
[[1.1,0,0,0],[0,0,1,0],[0,1,0,0],[0,0,0,1]]
C:A
[[0.804,-0.31,0.506,0],[0.506,0.804,-0.31,0],[-0.31,0.506,0.804,0],[0,0,0,1]]
LALA:D
[[0,0.96000004,-0.28000003,0],[0,0.27999997,0.96000004,0],[1,0,0,0],[0,0,0,1]]
